[Fits]
#Name     2016       2016err          2016sigma          2015            2015er      2015sigma  
XX01:        0.          0.               0.             0       0       0             0
XX02:        0.          0.               0.             0       0       0             0 
XX03:        0.          0.               0.             0       0       0             0 
XX04:        0.          0.               0.             0       0       0             0 
PFXT:	2.58970e-01   2.05662e-05   4.19161e-03          2.72018e-01   2.59854e-05    5.19758e-03  
PFIB:	4.51134e+00   1.41124e-04   3.30899e-02          4.94145e+00   2.32249e-04    4.47340e-02
PFIT:	3.26962e+00   8.53301e-05   2.00457e-02          3.22803e+00   1.78015e-04    3.31512e-02
PNXT:     0.          0.                  0.               0.              0.           0. 
PNIB:	4.01655e+00   1.34642e-04   2.85646e-02          4.07147e+00   1.88394e-04    3.53466e-02     
PNIT:	3.30055e+00   9.37214e-05   2.18983e-02          3.27334e+00   2.34600e-04    3.95599e-02 
MFXT:	2.73259e-01   1.80886e-05   3.75370e-03          2.56136e-01   2.24859e-05    4.51348e-03 
MFIB:	0.               0.               0.             3.00611e+00   2.60505e-04    3.08279e-02  
MFIT:	5.27572e+00   3.06800e-04   7.04172e-02          4.04285e+00   2.54375e-04    3.72241e-02 
MNXT:	2.56649e-01   1.74157e-05   3.50848e-03          2.42210e-01   2.06499e-05    4.17094e-03 
MNIB:	4.16227e+00   1.72344e-04   2.94653e-02          4.19005e+00   2.04597e-04    3.73866e-02 
MNIT:	3.21896e+00   8.28855e-05   1.93665e-02          3.14697e+00   1.54064e-04    2.92475e-02 

[Histo]
#Name   2015mean    2015 RMS          2016mean    2016RMS     2016meanAllFills     2016RMS
XX01:    0.          0.                0.          0.         0.                    0.
XX02:    0.          0.                0.          0.         0.                    0.
XX03:    0.          0.                0.          0.         0.                    0.
XX04:    0.          0.                0.          0.         0.                    0.
PFXT:    0.2718      0.0067         0.258          0.0067     0.254                 0.01
PFIB:   4.939       0.065           4.519         0.075       4.5                   0.094
PFIT:   3.227       0.0425          3.257         0.052       3.26                  0.068
PNXT:   0.          0.              0.            0.          0.                    0.
PNIB:   4.07147     0.047           4.025         0.0696      4.                    0.08
PNIT:   3.264       0.071           3.304         0.054       3.28                  0.08
MFXT:   0.356       0.006           0.272         0.0060      0.27                  0.009
MFIB:   2.993       0.0685          0.            0.          0.                    0.
MFIT:   4.034       0.055           5.277         0.098       5.23                  0.14
MNXT:   0.242       0.0056          0.256         0.0055      .253                  0.008
MNIB:   4.19        0.052           4.173         0.074       4.17                  0.08
MNIT:   3.148       0.037           3.226         0.053       3.21                  0.06
